78 78
43358 35.7387244 51.4656534
43373 35.7401219 51.4620042
43374 35.7405494 51.4621781
43375 35.7392727 51.4647528
38811 35.7388456 51.4613752
38812 35.7381374 51.4635079
38813 35.7394556 51.4641607
38814 35.7382408 51.4610772
38815 35.7375533 51.4632194
38816 35.7393446 51.4616211
38817 35.7390118 51.4626338
38818 35.7381828 51.4652856
38819 35.7386093 51.4645405
38820 35.7387248 51.4643088
38821 35.7388769 51.4638614
38824 35.7393401 51.4645347
38827 35.7395046 51.4640023
38829 35.7404554 51.4621348
38831 35.7400784 51.4639054
44722 35.737656 51.460789
46143 35.7388963 51.465373
46145 35.7389944 51.4652113
46148 35.7398723 51.4647895
46149 35.7402625 51.46434
46150 35.7395303 51.463919
46151 35.7401364 51.4642675
46152 35.7400643 51.4645258
46153 35.7404212 51.4628228
46154 35.7399423 51.4625856
46155 35.7398926 51.4638067
46156 35.7403717 51.4630919
46157 35.7400477 51.4639907
46158 35.7398255 51.4618581
46159 35.7395996 51.4625538
46160 35.73913 51.4622741
46161 35.7397681 51.4631493
46162 35.7392721 51.4629148
46163 35.739364 51.4626458
46164 35.7391399 51.46329
46165 35.7395766 51.4627449
46166 35.7394986 51.4630219
46167 35.7393811 51.4633629
46168 35.7392292 51.4640486
46169 35.7393985 51.4635802
46170 35.7390767 51.4645004
46171 35.739048 51.4634245
46175 35.7384429 51.4648457
46176 35.7386918 51.4648968
46177 35.7385114 51.4647201
46178 35.7388354 51.4645499
46179 35.7387722 51.4646561
46248 35.7384448 51.4642597
46249 35.7383413 51.464465
46250 35.7383886 51.4643713
46251 35.7384725 51.4636681
46252 35.738393 51.4639766
46253 35.7386229 51.4632263
46254 35.7389101 51.4629361
46255 35.7388354 51.4631343
46256 35.7388745 51.4630307
46257 35.7383677 51.4628145
46258 35.7380182 51.4637498
46259 35.7379047 51.4636864
46264 35.7379851 51.4642739
46265 35.7377275 51.4640035
46266 35.7381862 51.4641465
46267 35.7378424 51.4637978
46274 35.7377059 51.4633007
50918 35.7402556 51.4627408
67513 35.7379201 51.4636863
67514 35.7380366 51.4637347
67515 35.7379994 51.4637465
67520 35.737569 51.4632319
67521 35.7375527 51.4631917
68030 35.7399559 51.4645499
68031 35.739773 51.4650542
76840 35.7403056 51.4648508
76841 35.7401503 51.4651927
44722 38814 
38814 38811 
38811 38816 
38816 46158 
46158 43373 
43373 38829 
38829 43374 
43358 46143 
46143 46145 
46145 43375 
43375 38824 
38824 38813 
38813 38827 
38827 46150 
46150 46161 
46161 46154 
46154 43373 
38811 46257 
46257 38812 
38815 67520 
67520 46274 
46274 38812 
38812 46251 
46251 38821 
38821 46168 
46168 38813 
38814 67521 
67521 38815 
38816 46160 
46160 38817 
38818 46175 
46175 46177 
46177 38819 
38819 38820 
38820 38821 
46148 38824 
46149 46151 
46151 46150 
46151 46152 
46153 50918 
50918 46154 
38829 50918 
50918 46155 
46156 38831 
38831 46157 
46158 46159 
46161 46166 
46166 46162 
46163 46162 
46162 46164 
46165 46166 
46166 46167 
46168 46169 
46168 46170 
38821 46171 
46176 46177 
46178 46179 
46248 46250 
46250 46249 
38819 46250 
46251 46252 
46253 46251 
46254 46256 
46256 46255 
46256 46257 
46264 46265 
46266 46267 
46258 67515 
67515 67513 
67513 46259 
38812 67514 
67514 46258 
46155 38831 
46179 38819 
68030 46148 
46148 68031 
46149 76840 
76840 76841 
