1038 1015
25940814 35.7065232 51.4061651
25940815 35.7012858 51.40526
25941428 35.706781 51.4185013
25969112 35.7012414 51.4028004
25969116 35.7037483 51.4056765
25969873 35.7111958 51.4070351
26206695 35.7066723 51.4036113
26206696 35.7062411 51.4035675
159620152 35.7059365 51.4122045
159620158 35.7038596 51.4096741
159620160 35.703555 51.4059182
159620161 35.7041792 51.4059263
166159398 35.7069553 51.3980358
166159603 35.7086177 51.4039206
166160593 35.7077736 51.4009324
166160596 35.7059924 51.4017319
166176637 35.7078197 51.4088382
166177877 35.7073841 51.3995537
166182629 35.7039105 51.4026691
166182741 35.7034927 51.4011618
166185067 35.6956054 51.4019648
375947465 35.706713 51.4153925
411824491 35.6993667 51.4025027
423317612 35.7053463 51.4186487
423317764 35.7051297 51.4155553
423733368 35.6942547 51.4017544
423733369 35.6947145 51.401826
423733370 35.6972031 51.4021943
423733371 35.698389 51.4023646
423733372 35.7001787 51.4026218
423733376 35.7038884 51.4045528
423733377 35.7022142 51.4029195
423733378 35.7019972 51.4001621
423733380 35.7012582 51.4040738
423733411 35.7065021 51.4050268
423733412 35.7024108 51.4014806
423733414 35.7089118 51.4054194
424402204 35.7055296 51.4211824
424402723 35.7054326 51.4198829
451013381 35.7066247 51.4037687
451013382 35.706638 51.4034572
451013385 35.7062971 51.4034202
451013391 35.7063728 51.4038479
735011128 35.7073628 51.4030579
735011226 35.7093488 51.4022192
735011361 35.7069282 51.3979399
735011441 35.7082662 51.4026762
735011443 35.70742 51.4037302
854326015 35.7042536 51.4057704
854326036 35.7147941 51.4130533
854326052 35.7133927 51.4126374
854326053 35.7130152 51.4125748
854326054 35.7126807 51.4125916
854326055 35.7082997 51.4128834
866834010 35.6997576 51.40256
945251728 35.7020665 51.4113797
945251746 35.7020493 51.4106958
945251754 35.7020861 51.4127619
1043825849 35.7020953 51.4097076
1043825855 35.7042095 51.4107647
1043825859 35.7033219 51.4118322
1043825864 35.7021363 51.4125764
1701655941 35.7024032 51.4143021
1701655952 35.7050237 51.4140394
1730748315 35.7022853 51.4128296
1730748318 35.7025744 51.412631
1730748323 35.7049074 51.4125419
1730748326 35.7059919 51.4122395
1730748327 35.7060368 51.4124278
1730748330 35.7062435 51.4036541
1730748333 35.7062597 51.4034884
1730748335 35.7062684 51.4037351
1730748338 35.7063131 51.4038021
1730748341 35.7063496 51.4033692
1730748345 35.706484 51.4038688
1730748348 35.7064767 51.4033361
1730748363 35.7065393 51.4033554
1730748365 35.7065365 51.4073279
1730748367 35.7065733 51.4038256
1730748369 35.7065945 51.4033967
1730748371 35.7066588 51.4036947
1730748373 35.706595 51.4121727
1730748375 35.7066414 51.4123667
1730748377 35.7066647 51.403531
1730748415 35.7078811 51.4075769
1730748417 35.7079919 51.4090143
1730748423 35.7080617 51.4134561
1730748428 35.7081422 51.4109628
1730748431 35.708146 51.41524
1730748435 35.7081816 51.4121972
1730748440 35.7082472 51.412193
1730748443 35.7082673 51.4133163
1730748445 35.708334 51.4129572
1730748454 35.7083682 51.4131664
1730748458 35.7084714 51.412996
1730748460 35.7084754 51.4130871
1730748464 35.7084981 51.4065906
1730748477 35.7086265 51.4130273
1730748508 35.7086936 51.4091692
1730748523 35.7087626 51.4092329
1730748528 35.7088236 51.4108834
1730748534 35.7088531 51.4107725
1730748536 35.7088661 51.4121285
1730748540 35.708916 51.4129972
1730748549 35.7091737 51.4066394
1730748569 35.7093279 51.4119532
1730748571 35.709328 51.41207
1730748574 35.7093578 51.4091232
1730748577 35.7093883 51.4129328
1730748582 35.7095276 51.4129173
1730748594 35.7098753 51.4067682
1730748601 35.7098975 51.4041241
1730748608 35.7099457 51.4091273
1730748628 35.7100022 51.4090786
1730748632 35.7100362 51.4106669
1730748634 35.710096 51.4107543
1730748637 35.7101442 51.4119686
1730748639 35.710162 51.4128471
1730748641 35.7101567 51.4117777
1730748694 35.7105388 51.4118185
1730748709 35.7107719 51.4127848
1730748740 35.7112647 51.4127349
1730748748 35.7113635 51.4106259
1730748800 35.7120109 51.4105602
1730748814 35.7122042 51.4105406
1730748893 35.7127288 51.4104874
1730749041 35.7138551 51.4127742
1730749054 35.7139717 51.4128088
1854989216 35.7063943 51.3960499
1919423534 35.7018124 51.409396
1919423561 35.7014639 51.4086772
1919423564 35.7016331 51.4085292
1919423568 35.7013354 51.4085754
1919423571 35.7022209 51.4129427
1919423575 35.7016992 51.4102973
1919423577 35.7026835 51.4073683
1919423578 35.7017776 51.4110912
1919423580 35.7022379 51.4090922
1919423581 35.702039 51.4097501
1919423582 35.7017027 51.4110799
1919423584 35.7019623 51.4132537
1919423589 35.7027046 51.4084943
1919423591 35.7018037 51.4102758
1919423605 35.7015253 51.4130377
1919423606 35.7015756 51.4135757
1919423608 35.7021901 51.4086598
1919423609 35.702241 51.4132174
1919423612 35.7019871 51.4135182
1919423617 35.7020651 51.4091171
1919423621 35.7030145 51.4085645
1919423623 35.7015162 51.4126683
1919423625 35.701795 51.4126469
1919423626 35.7020564 51.409396
1923326702 35.7011194 51.4027843
1923326718 35.7040379 51.4031867
1923326720 35.7064122 51.4033403
1923326721 35.7065101 51.4038598
1924297851 35.7087969 51.4065697
1924297943 35.7090613 51.4039911
1937956175 35.6987467 51.4024151
2021149633 35.7074019 51.4051745
2021149638 35.7094104 51.4040466
2021149640 35.7086999 51.4039337
2021149642 35.7098536 51.4041171
2021149643 35.710006 51.4055968
2021149644 35.7085708 51.4053641
2021149647 35.7101344 51.4041617
2021151057 35.7102088 51.4041736
2021217215 35.7109654 51.4057597
2021220643 35.7078237 51.4032642
2021220644 35.7078491 51.4037984
2021221600 35.7066621 51.4014321
2021221602 35.707167 51.4031378
2021222131 35.7072225 51.4011801
2021222133 35.7077059 51.402913
2021224231 35.7075057 51.4027546
2021224232 35.7076457 51.4026974
2021254062 35.7051494 51.4021121
2021254063 35.7047092 51.4028726
2021254064 35.7045607 51.4023768
2021254065 35.7053364 51.4027867
2021254178 35.7104456 51.4068835
2021255734 35.7047067 51.4032946
2021255738 35.7047266 51.403012
2021255786 35.7079518 51.4064248
2021255787 35.7079413 51.4075801
2021255788 35.7079974 51.4075757
2021256510 35.7074483 51.4074968
2021256511 35.7074406 51.4063313
2021261536 35.7049218 51.4022145
2021267425 35.7026156 51.402014
2021267426 35.7032821 51.403076
2021267427 35.7025063 51.4029623
2021267428 35.7033126 51.4027704
2021267429 35.7028902 51.4013393
2021267915 35.7023759 51.4017359
2021267917 35.7022851 51.4010783
2021277622 35.7022565 51.4034145
2021277623 35.7035219 51.4031111
2021277624 35.7023152 51.4029343
2021277625 35.7025745 51.4036747
2021277626 35.7019168 51.4037738
2021277627 35.7018254 51.4033393
2021277628 35.7025466 51.4043085
2021277629 35.7018786 51.4028692
2021277631 35.7025658 51.4041682
2021277633 35.7034632 51.4037149
2021277634 35.7029967 51.4030341
2021277635 35.7018641 51.4041842
2021277637 35.7026654 51.4029856
2021281011 35.7024701 51.4051149
2021281012 35.7024479 51.4054619
2021281253 35.7032115 51.4044295
2043956182 35.6938919 51.4016979
2043978502 35.6950446 51.4018774
2044022716 35.6962904 51.4020655
2044031065 35.6952408 51.401908
2044031077 35.6941123 51.4017322
2044031079 35.6933564 51.4016145
2044036230 35.7003592 51.4026472
2044036236 35.6975999 51.4022513
2183033033 35.7040902 51.4085883
2183033034 35.7039835 51.4080117
2183033035 35.7040293 51.4084837
2183033036 35.7040946 51.408642
2183033037 35.7038572 51.4086634
2183033038 35.7038071 51.4080304
2183033039 35.7040641 51.408583
2183034454 35.7042858 51.4075683
2183034455 35.703956 51.4059301
2183034456 35.7045361 51.4076806
2183034457 35.7045536 51.4075893
2183034458 35.7043678 51.4076312
2183034459 35.7044094 51.407729
2183034460 35.7039993 51.4060784
2183034462 35.7039518 51.4062432
2183034463 35.7042399 51.4073926
2203911499 35.7012866 51.4128381
2203911537 35.7014276 51.4114236
2203911543 35.7014531 51.4128246
2520626205 35.6966484 51.4021146
2769012142 35.7067515 51.4171518
3015921080 35.7067155 51.4059047
3069590525 35.7060635 51.4060976
3069590526 35.7060725 51.4072908
3069590527 35.7054495 51.407339
3069590528 35.705467 51.4080579
3069590529 35.7048856 51.4081164
3135522367 35.7052119 51.416803
3482726530 35.6956824 51.4019759
3506276580 35.7063776 51.406975
3512977906 35.7067307 51.412401
3512983371 35.7066949 51.4108185
3784838011 35.7018212 51.4130449
3784838457 35.7106838 51.4042491
3858822490 35.7112069 51.4069306
3858822491 35.7061441 51.4060198
3858822492 35.7008402 51.4050672
3858822494 35.6959305 51.4042196
3876630885 35.7061613 51.4060462
3876630886 35.7070521 51.4061266
3876630889 35.7017224 51.4052388
3883010009 35.708802 51.4064958
3883010010 35.7065284 51.4060893
3883010011 35.7037577 51.4055983
3883010012 35.7012844 51.4051536
3883010013 35.7011805 51.405132
3883010014 35.6997427 51.4048839
3883010018 35.6981457 51.4046125
3883010019 35.6969422 51.4044061
3883010020 35.695571 51.4041564
3906463711 35.7011908 51.4027924
3906463712 35.7011561 51.4027897
3906463715 35.7012619 51.4051491
3906463716 35.7012037 51.4051372
3937106149 35.6954055 51.4019337
4035094038 35.7074121 51.4044176
4035094045 35.7076402 51.4044378
4071220796 35.7067704 51.4059275
4298643092 35.7029526 51.4057328
4314182760 35.7066107 51.4131233
4396465089 35.707492 51.4065212
4399259032 35.7013056 51.4065638
4399259033 35.7028597 51.4064183
4399259034 35.702851 51.4059623
4399259035 35.7028897 51.4055333
4407879295 35.7036552 51.4046207
4415945510 35.7078297 51.4059974
4415945511 35.7068511 51.405902
4415945512 35.7066272 51.4054553
4415945513 35.7066963 51.4051184
4415945514 35.7079137 51.4053218
4415998174 35.7067908 51.4120056
4415998175 35.7067567 51.4109714
4415998176 35.7080594 51.4109062
4415998177 35.7080935 51.4119404
4421696123 35.6967057 51.4021228
4421696130 35.6979118 51.4022961
4421902912 35.7027531 51.4074808
4421902913 35.7027705 51.406542
4421902914 35.7027836 51.4070999
4421902915 35.7028184 51.408484
4421902916 35.7029361 51.405952
4421902917 35.7029361 51.4065206
4421902918 35.7030101 51.4070356
4421902919 35.7030537 51.4074433
4421902920 35.7030667 51.4084679
4421902921 35.7030711 51.4080065
4421902922 35.7033281 51.4124697
4421902925 35.7037268 51.4079435
4421902926 35.7038683 51.4107236
4421902927 35.703863 51.410085
4421902928 35.7039075 51.4107746
4421902929 35.7038659 51.4104354
4421902930 35.7039903 51.4096159
4421902931 35.7039946 51.4099699
4421902932 35.7040817 51.410423
4421902933 35.7040904 51.4105463
4421902934 35.7042326 51.4118164
4421902935 35.7042821 51.409589
4421902936 35.704317 51.4099806
4421902938 35.7044131 51.410069
4421902939 35.7043747 51.4114224
4421902940 35.7043913 51.4116807
4421902941 35.704452 51.4105302
4421902942 35.7045687 51.4114036
4421902943 35.7045852 51.4116619
4421902944 35.7047099 51.4093228
4421902945 35.7047258 51.4096136
4421902946 35.7048772 51.4093088
4421902947 35.7048931 51.4095997
4423540732 35.7047238 51.4079987
4423540733 35.7045136 51.4080289
4423540734 35.704602 51.4089614
4423540735 35.7048122 51.4089312
4425473894 35.7037902 51.4042807
4425567190 35.7039923 51.4049934
4425578989 35.7057607 51.4103279
4426284052 35.7051739 51.4110081
4426284053 35.7052041 51.4114524
4426284054 35.7053209 51.4116356
4426284055 35.7053343 51.4117691
4426284056 35.7053856 51.4117613
4426284057 35.7054137 51.412041
4426284058 35.7054759 51.4120316
4426284059 35.7054816 51.4120881
4426284060 35.7055662 51.4109677
4426284061 35.7055964 51.4114119
4426284062 35.7057265 51.4115738
4426284063 35.7057538 51.411846
4426284064 35.7057543 51.4119802
4426284065 35.7057608 51.4120455
4426284066 35.705795 51.4118398
4426284067 35.7058083 51.411972
4426284084 35.7067411 51.4128782
4426284085 35.706739 51.412732
4426473808 35.7122243 51.4126378
4443875081 35.7016461 51.4052239
4443875082 35.7016438 51.4053222
4462035691 35.7061941 51.402688
4497855535 35.708757 51.41081
4497855536 35.7082737 51.410863
4497855537 35.7082448 51.4105168
4497855538 35.7087281 51.4104451
4498240303 35.7064305 51.4070705
4498240304 35.7061191 51.4070775
4498240305 35.7061243 51.4074289
4498240306 35.7064357 51.4074219
4506464215 35.7046631 51.4123267
4506464216 35.7043264 51.4087394
4506464217 35.7041998 51.4086915
4506464218 35.704122 51.4083798
4506464219 35.7041317 51.4080022
4506464220 35.7041755 51.4078524
4506464221 35.7037715 51.4062581
4506464222 35.7044675 51.4085836
4506464223 35.7039565 51.4061802
4506464224 35.7038636 51.405928
4518012989 35.704907 51.405966
4556767791 35.7083563 51.4060222
4560143846 35.7059594 51.4057306
4560143847 35.7054887 51.4056248
4560143848 35.7055251 51.4053529
4560143849 35.7060005 51.405445
4560143850 35.7064965 51.403777
4560143851 35.7065396 51.4037533
4560143852 35.7065742 51.4037138
4560143853 35.7065964 51.4036625
4560143854 35.7066039 51.4036051
4560143855 35.7064023 51.4034449
4560143856 35.7063629 51.4034769
4560143857 35.7063341 51.403523
4560143858 35.7063191 51.4035781
4560143859 35.7063193 51.4036362
4560143860 35.7065959 51.4035479
4560143861 35.7065732 51.4034969
4560143862 35.7065383 51.4034578
4560143863 35.706495 51.4034348
4560143864 35.7064479 51.4034303
4560143865 35.7063349 51.403691
4560143866 35.7063641 51.4037367
4560143867 35.7064037 51.4037682
4560143868 35.7064495 51.4037821
4560245174 35.7067029 51.4092214
4560245175 35.7071493 51.4091825
4560245176 35.707118 51.4083393
4560245177 35.7066735 51.4083642
4560258397 35.7060969 51.4065153
4560258398 35.7061012 51.4062253
4560258399 35.7062346 51.4062283
4560258400 35.7062303 51.4065183
4563115498 35.7085212 51.413212
4568441086 35.7062398 51.4031473
4568441087 35.706021 51.4030501
4568441088 35.7059134 51.403222
4568445889 35.7060606 51.4034505
4574204836 35.7110303 51.4068989
4574204837 35.7109987 51.4069854
4577561604 35.7063967 51.4067369
4577561605 35.7079891 51.4074806
4578666539 35.7037841 51.4053871
4578666540 35.7085063 51.4066986
4578666541 35.7084886 51.4065168
4585824609 35.7082214 51.4119898
4585835807 35.7049239 51.4127599
4585835808 35.7048934 51.4123736
4587855714 35.7040002 51.4126415
4587855715 35.7041024 51.414127
4587855717 35.7035332 51.4141811
4587855718 35.7031353 51.4127364
4587855719 35.7032377 51.4142092
4596783824 35.705742 51.4034616
4596783825 35.7056609 51.4041378
4596783826 35.7051205 51.4033613
4596783827 35.7050524 51.4039242
4596783828 35.7053408 51.4048174
4596783829 35.7054057 51.4042395
4596783830 35.7047934 51.4047176
4596783831 35.7048653 51.4041686
4596783832 35.7045051 51.4032621
4596783833 35.7045175 51.4029947
4596783834 35.7030963 51.4030487
4596783835 35.7031289 51.4027051
4596783836 35.7020803 51.4028994
4596783837 35.7020606 51.4031611
4601158174 35.7014102 51.4050592
4601158175 35.7017987 51.4051343
4601158176 35.7021625 51.4052138
4601158177 35.7024187 51.4052601
4601158178 35.7025102 51.4052735
4601158181 35.7037023 51.4054952
4601158182 35.7038291 51.4055104
4601158187 35.7063375 51.4059521
4601158188 35.706704 51.4060224
4601158289 35.7072091 51.4061181
4601158294 35.70877 51.4063921
4601158295 35.7088895 51.4063971
4601158296 35.7092458 51.4064652
4601158297 35.7104713 51.4067004
4601158298 35.7109877 51.4067784
4614555803 35.7053942 51.4193343
4614555807 35.7052326 51.4170868
4614579329 35.7098537 51.4128809
4614579333 35.7082416 51.4129535
4614579334 35.7079902 51.4129491
4614582233 35.7144687 51.4129566
4614582247 35.7128476 51.4125829
4614587835 35.7104035 51.4118017
4614590261 35.7028417 51.4127638
4614596339 35.7049511 51.4131084
4614596340 35.7046066 51.4131465
4614596341 35.7046109 51.4132645
4614596342 35.7045979 51.4130124
4614605422 35.7023819 51.4140278
4614605424 35.7023469 51.4135571
4614616445 35.705219 51.4169004
4618506890 35.7068882 51.4080303
4618506891 35.7065517 51.4080235
4618506892 35.7065675 51.4087448
4618506893 35.7060331 51.4087985
4618506894 35.706052 51.4089456
4618506895 35.7069242 51.4092515
4618506896 35.706579 51.4092703
4618506897 35.7056937 51.4093262
4618506898 35.7057847 51.4093205
4618506899 35.7057847 51.4094033
4618506900 35.706588 51.4096834
4618506901 35.7062132 51.4097138
4618506902 35.7061999 51.4095948
4618506903 35.7062151 51.4098376
4618506904 35.7080688 51.410011
4618506905 35.7065986 51.4101659
4618506906 35.7075512 51.4100655
4618506907 35.7075393 51.4098757
4618506908 35.7069388 51.4101301
4618506909 35.7069243 51.4098757
4618506910 35.7081185 51.4106561
4618506911 35.7077433 51.4107074
4618506912 35.7077376 51.4106295
4618506913 35.7077433 51.4107852
4619155050 35.6977232 51.402269
4620979384 35.7116648 51.4105953
4620979386 35.7111156 51.410651
4620979388 35.7106872 51.4106944
4620980191 35.7098157 51.4107827
4620980193 35.7099026 51.4118059
4620980195 35.7092527 51.4108399
4620980196 35.709311 51.4118715
4620980933 35.7097006 51.4120237
4620980935 35.7088 51.4119281
4620980936 35.7087585 51.4115494
4620980937 35.7088217 51.4115494
4620980938 35.7086218 51.4109069
4620980939 35.7086723 51.4114432
4620988741 35.7058731 51.4080173
4620988742 35.7054765 51.4084915
4620988743 35.702753 51.4085662
4620988744 35.7028916 51.4079325
4620988745 35.7027531 51.4079325
4620988746 35.7027859 51.4095424
4620988747 35.7022512 51.4085695
4620988748 35.7022841 51.4095749
4620988752 35.7021572 51.4064617
4620988753 35.702158 51.4070666
4620988754 35.7021633 51.4062022
4620988755 35.7024493 51.4064432
4620988756 35.7024401 51.406063
4620988757 35.7026933 51.4064339
4620988758 35.7026979 51.4070861
4620997259 35.7104693 51.4056766
4620997271 35.7094135 51.4055007
4620997273 35.7095325 51.40552
4620997275 35.7092854 51.4066583
4620997277 35.7084913 51.4053512
4620997278 35.7084502 51.4057242
4620997279 35.7081982 51.4053037
4620997280 35.708185 51.4057673
4620997281 35.7083301 51.404578
4620997282 35.7082543 51.4053128
4620997283 35.7079343 51.4052609
4620997284 35.7078698 51.4044856
4620997285 35.7106738 51.4057109
4621005566 35.703303 51.405603
4621005567 35.7033598 51.4050942
4621005568 35.7032847 51.4037324
4621009864 35.7019649 51.4028821
4621009865 35.7025984 51.4021633
4621014819 35.7023223 51.4021281
4621023928 35.7044956 51.4024061
4621023930 35.7054975 51.4019556
4621023932 35.7062569 51.4027817
4621023933 35.7059149 51.4029302
4621028718 35.7089234 51.4023988
4629523003 35.7065685 51.3966667
4629523007 35.703687 51.4018627
4629550780 35.7048805 51.4069227
4629550781 35.7045587 51.4069028
4629550782 35.7050106 51.4076375
4629550783 35.70475 51.407613
4629550784 35.7059313 51.4104967
4629550785 35.7055329 51.4105288
4629550786 35.7057741 51.4114279
4629550787 35.7054995 51.4114789
4629550788 35.7058498 51.410111
4629551889 35.705435 51.4101641
4629551890 35.7057447 51.4097474
4629551891 35.7053343 51.4097885
4629551892 35.7055846 51.4089771
4629551893 35.7051277 51.4090188
4629551894 35.7052593 51.4087368
4629551895 35.7050518 51.4087357
4629551896 35.7054195 51.4070299
4629551897 35.7052043 51.4069991
4629551898 35.7059355 51.4073014
4629551899 35.7059348 51.4075722
4629562845 35.7074011 51.4077695
4629562846 35.7075068 51.4090786
4629562847 35.7074936 51.4092249
4629562848 35.7080217 51.4093996
4629562849 35.7076454 51.4094607
4646600000 35.7025907 51.4127043
4666676178 35.7021196 51.4050463
4666676179 35.7018892 51.4050069
4666676180 35.7018972 51.4049357
4666676181 35.7019135 51.4049385
4666676182 35.7019257 51.4048294
4666676183 35.7019124 51.4048271
4666676184 35.7019636 51.404373
4666676186 35.7021984 51.4044131
4666676989 35.7021469 51.4048704
4666676990 35.7021271 51.404867
4666676991 35.7021155 51.4049696
4666676992 35.702128 51.4049717
4679693163 35.7060435 51.4124879
4679693164 35.7061765 51.414426
4679693165 35.705116 51.4145364
4679693166 35.704983 51.4125983
4679693167 35.7058261 51.4108163
4709595687 35.7022625 51.4129381
4709595688 35.7022826 51.4132128
4709595789 35.701834 51.412943
4709595793 35.7031639 51.4095498
4709595794 35.7033185 51.409673
4709595795 35.7038581 51.4094909
4712606322 35.7028212 51.4043585
4715979493 35.7085203 51.4060525
4718317589 35.7059497 51.4026391
4718810089 35.708535 51.4047094
4723841004 35.7051612 51.4110348
4723841005 35.7052261 51.4118259
4723841006 35.7047595 51.411884
4723841007 35.7046946 51.4110928
4723841008 35.7024564 51.4055527
4723841009 35.7022112 51.4055719
4723841010 35.7022308 51.405969
4723841011 35.7024671 51.4059466
4759356522 35.7018686 51.4126248
4778118298 35.7023049 51.4043161
4788003481 35.7016178 51.407466
4788003482 35.7022218 51.4065148
4788003483 35.7022369 51.4068924
4788003484 35.7026626 51.4068518
4788003485 35.7026629 51.4064861
4795356779 35.7053298 51.4134698
4810904827 35.70313 51.4028201
4820618164 35.6945685 51.4018033
4820618187 35.7029843 51.4044608
4820618188 35.7031804 51.4045037
4820618189 35.703139 51.4047949
4820618190 35.702943 51.4047734
4820618191 35.7029517 51.4046983
4820618192 35.7029212 51.4046715
4820618193 35.7029255 51.4045588
4820618194 35.7029647 51.4044998
4820618195 35.7033822 51.4053584
4820618196 35.7035039 51.4053755
4820618197 35.7035226 51.4051748
4820618198 35.7034009 51.4051577
4820633494 35.7048155 51.4055227
4820633495 35.7053716 51.4056363
4820633496 35.7054275 51.4052217
4820633497 35.7048714 51.4051082
4820633498 35.7086587 51.4059984
4820633499 35.7087773 51.4060256
4820633500 35.7088029 51.4058564
4820633501 35.7086843 51.4058292
4820633503 35.7109317 51.4069731
4888584693 35.7037021 51.4106399
4888584694 35.7038328 51.4106345
4888584695 35.703824 51.4102483
4888584696 35.70386 51.4102469
4888584697 35.7038627 51.4101222
4888584698 35.7036945 51.4101249
4888584699 35.7036906 51.4105426
4888584700 35.7035817 51.4105386
4888584701 35.7035839 51.4102892
4888584702 35.7036286 51.4102892
4888584703 35.7036286 51.4102328
4888584704 35.7036852 51.4102302
4888584705 35.7027023 51.4124121
4888584706 35.7029681 51.412396
4888584707 35.7029637 51.4120554
4888584708 35.7026914 51.4120634
4888584709 35.7022057 51.4123665
4888584710 35.7022035 51.4121171
4888584711 35.7022515 51.4121144
4888584712 35.7022515 51.4121546
4888584713 35.7024736 51.4121546
4888584714 35.7024736 51.412109
4888584715 35.7025346 51.4121064
4888584716 35.702539 51.4123665
4888584717 35.7024823 51.4123665
4888584718 35.7024823 51.4123156
4888584719 35.702258 51.4123263
4888584720 35.702258 51.4123665
4888586693 35.7037562 51.4115278
4888586694 35.7037442 51.4110685
4888586695 35.7035351 51.4110768
4888586696 35.703547 51.4115361
4888586697 35.7022679 51.4106154
4888586698 35.7032247 51.4105687
4888586699 35.7031996 51.4097912
4888586700 35.7022428 51.409838
4888586701 35.7026133 51.411852
4888586702 35.7028732 51.4118444
4888586703 35.7028624 51.4115602
4888586704 35.7028152 51.4115611
4888586705 35.7028141 51.4114126
4888586706 35.702871 51.4114123
4888586707 35.7028696 51.4113559
4888586708 35.7029165 51.4113559
4888586709 35.7029129 51.4112581
4888586710 35.7028674 51.4112581
4888586711 35.7028674 51.4112124
4888586712 35.7028101 51.4112124
4888586713 35.7028083 51.4110583
4888586714 35.7028552 51.4110583
4888586715 35.7028516 51.4107946
4888586716 35.7025912 51.4107954
4888586717 35.7025963 51.41095
4888586718 35.7027073 51.4109472
4888586719 35.7027326 51.4116801
4888586720 35.7026099 51.4116845
4888587421 35.7040959 51.4108051
4888587422 35.7041355 51.4113381
4888587423 35.7038903 51.4113647
4888587424 35.7038614 51.4108229
4888594873 35.7039019 51.4117858
4888594874 35.7039455 51.4117791
4888594875 35.7039575 51.4115149
4888594876 35.7038932 51.4115176
4888594877 35.7039634 51.411592
4888594878 35.703949 51.411593
4888594879 35.7039549 51.4116606
4888594880 35.7039425 51.4116689
4888602327 35.7023032 51.4114492
4888602328 35.7024067 51.4114452
4888602329 35.7024077 51.4112185
4888602330 35.7023032 51.4112226
4888602331 35.7021366 51.4113446
4987945291 35.7040309 51.4050754
5013048521 35.7037175 51.4056042
5045685021 35.7078436 51.4061033
5045685022 35.7078912 51.4057121
5045685023 35.7084553 51.4058353
5045685024 35.7084028 51.406222
5054684546 35.7069946 51.4068042
5054684547 35.7069621 51.4094648
5054684548 35.7077734 51.4104904
5054684549 35.7066109 51.4074628
5054684550 35.7066131 51.406529
5054684551 35.7070153 51.4077995
5054684552 35.7073204 51.410581
5054684553 35.7066254 51.4078015
5054684554 35.7067007 51.4106379
5054684555 35.7067383 51.4109024
5054684557 35.7067105 51.4105671
5054684558 35.7070201 51.4066008
5054684559 35.7066009 51.4067339
5054684560 35.7065848 51.4072206
5054684561 35.7066868 51.410189
5054684562 35.70776 51.4101224
5054684563 35.7070525 51.4075125
5054688267 35.7063006 51.4082983
5054688268 35.7061619 51.4078825
5056569718 35.7084162 51.4131208
5056569719 35.7083122 51.4129281
5108879549 35.706367 51.4048426
5108879550 35.7063832 51.4045781
5108879551 35.7059017 51.4045334
5108879552 35.7058855 51.4047978
5152210474 35.7065848 51.4072206
5164476721 35.7036066 51.4058288
5261847922 35.7054389 51.4061589
5301971650 35.7073483 51.4108769
5352745221 35.70205 51.4124042
5356009511 35.7056288 51.404081
5573578731 35.7021636 51.4028241
5582664264 35.6984899 51.404671
5626984916 35.7046699 51.4123988
5639944321 35.7080715 51.4052951
5669323718 35.7066191 51.4111023
5669323719 35.706018 51.4111126
5717436521 35.7023513 51.405947
5902571452 35.7021901 51.4086653
5902571453 35.7021882 51.4086491
5902571454 35.7022535 51.4086389
5902571455 35.7022568 51.4087358
5902595647 35.7021658 51.4085701
6037159016 35.71093 51.4068808
6037159017 35.7092947 51.4065849
6037159018 35.7033123 51.4055196
6037159019 35.6990926 51.4047734
6158122811 35.7040572 51.4053669
6172364733 35.7012254 51.4051852
6172364734 35.7087645 51.4064455
6172364735 35.7088755 51.4053646
6172364736 35.7109881 51.4057025
6183541164 35.7000801 51.4049403
6187895088 35.7084569 51.4053785
6189308187 35.70326 51.4064239
6224337106 35.7032516 51.4031372
6247543187 35.7067076 51.4035392
6258706526 35.7137462 51.4115208
6258706527 35.7128873 51.4116304
6258706528 35.7126828 51.411653
6258706529 35.7123014 51.4117008
6258706530 35.7114484 51.4118065
6258706531 35.710898 51.4118756
6258706532 35.7105977 51.411911
6258718434 35.7014549 51.4129208
6258721094 35.7014052 51.4129221
6258721095 35.7013601 51.4129243
6258721096 35.7012887 51.4129224
6258721097 35.699913 51.4128542
6263956474 35.7066424 51.4121674
6268664670 35.7040029 51.4126812
6268664672 35.7031373 51.4127624
6268664673 35.7034347 51.4127321
6268664674 35.7028438 51.4127912
6268664675 35.702278 51.412744
6268664676 35.7024066 51.4127247
6268731957 35.7074415 51.4120788
6268731958 35.7074744 51.412086
6268731959 35.7074977 51.4121042
6268731960 35.7075151 51.4121306
6268731961 35.7075248 51.4121624
6268731962 35.7074537 51.4122847
6268731963 35.7071471 51.4123099
6268731964 35.7071198 51.4122995
6268731965 35.7070973 51.4122789
6268731966 35.7070823 51.4122481
6268731967 35.7070765 51.4122129
6268731968 35.7070806 51.4121773
6268731969 35.7071395 51.4121157
6268731971 35.7075259 51.4121964
6268731972 35.7075181 51.412229
6268731973 35.7075024 51.412257
6268731974 35.7074803 51.4122773
6268731975 35.7070941 51.4121455
6268731976 35.7071155 51.4121244
6268731977 35.7071754 51.4121083
6268731978 35.7071838 51.4123126
6268731979 35.7048064 51.4125525
6268731980 35.7048274 51.4125413
6268731981 35.7048411 51.4125312
6268731982 35.7048528 51.4125167
6268731983 35.7048599 51.4125009
6268731984 35.7048639 51.4124836
6268738385 35.7048647 51.4124657
6268738386 35.7048622 51.4124479
6268738387 35.7048565 51.4124314
6268738388 35.7048479 51.4124168
6268738389 35.7048369 51.412405
6268738390 35.704824 51.4123965
6268738391 35.7048114 51.4123906
6268738392 35.7047945 51.4123847
6269465243 35.7034327 51.4127037
6269490880 35.7088678 51.4121594
6270957978 35.704929 51.4072
6286995315 35.7027358 51.4086099
6286995316 35.7025507 51.4086019
6286995317 35.7027467 51.4089479
6286995318 35.7025528 51.4089479
6287006101 35.7023202 51.4086064
6287006102 35.702321 51.4089397
6287006103 35.7025162 51.4086063
6287006104 35.7025238 51.40894
6299300886 35.7015121 51.4123585
6306150420 35.703434 51.405803
6383264532 35.7020484 51.4040926
6383264533 35.7019439 51.4040845
6489707864 35.7038894 51.4032642
6495384687 35.7078284 51.4062855
6495412285 35.7037501 51.4058346
6496319396 35.7100135 51.410281
6496319398 35.7100309 51.4105767
6496319402 35.7100044 51.4101258
6496319426 35.7100236 51.4104533
6522599461 35.7056681 51.4062768
6522599462 35.7059637 51.4070943
6522599463 35.7047798 51.4063788
6522599464 35.7059674 51.4066101
6522610063 35.7068726 51.405228
6522610064 35.7063079 51.4041584
6522610065 35.7062541 51.4038642
6596012019 35.703823 51.4110271
6596012020 35.7035225 51.4110388
6596012021 35.7035173 51.4108341
6596012022 35.7038178 51.4108225
6596012023 35.7033056 51.411707
6596012024 35.7030743 51.4117197
6596012025 35.7030683 51.4115527
6596012026 35.7032996 51.4115399
6596012027 35.7032853 51.4110044
6596012028 35.7030551 51.4110151
6596012029 35.7030502 51.4108513
6596012030 35.7032803 51.4108407
6596012031 35.7032935 51.4115082
6596012032 35.7031138 51.4115125
6596012033 35.703107 51.4110732
6596012034 35.7032866 51.411069
6596012035 35.7037749 51.4115661
6596012036 35.7035043 51.4115796
6596012037 35.7035113 51.41179
6596012038 35.7037818 51.4117764
6596012039 35.7035021 51.4115504
6596012040 35.7033376 51.4115616
6596012041 35.703333 51.4114604
6596012042 35.7034975 51.4114492
6596012043 35.7035013 51.4114193
6596012044 35.7033368 51.4114269
6596012045 35.7033337 51.411323
6596012046 35.7034982 51.4113155
6596012047 35.7034988 51.4112862
6596012048 35.7033327 51.4112939
6596012049 35.7033297 51.4111974
6596012050 35.7034958 51.4111896
6596012051 35.7034931 51.4111546
6596012052 35.7033292 51.41116
6596012053 35.7033271 51.4110628
6596012054 35.703491 51.4110574
6602451806 35.7031262 51.4094135
6602451807 35.703126 51.409419
6602451808 35.7031048 51.409428
6602451809 35.703102 51.409424
6602451810 35.7031004 51.4094192
6602451811 35.7031243 51.409424
6602451812 35.7031213 51.4094281
6602451813 35.7031174 51.4094307
6602451814 35.7031131 51.4094316
6602451815 35.7031087 51.4094306
6602451816 35.7031001 51.409414
6602451817 35.7031011 51.4094089
6602451818 35.7031035 51.4094045
6602451819 35.7031068 51.4094012
6602451820 35.7031108 51.4093995
6602451821 35.7031151 51.4093994
6602451822 35.7031191 51.409401
6602451823 35.7031226 51.4094042
6602451824 35.703125 51.4094085
6602451825 35.7033432 51.4107312
6602451826 35.7042224 51.4113499
6602451827 35.7091341 51.4029976
6602451828 35.7092953 51.4036869
6602451829 35.7092822 51.4039068
6602451830 35.7086267 51.4038398
6602451831 35.7085025 51.4033865
6617020816 35.7037644 51.4055448
6617020817 35.7033176 51.4054725
6617020819 35.7088074 51.4064319
6617020820 35.7065277 51.4060232
6617020821 35.7024539 51.405368
6617020829 35.7039164 51.4060575
6617020830 35.7046052 51.4075301
6617020831 35.7045916 51.4073779
6617020832 35.7045858 51.4074351
6617020833 35.7043886 51.4076715
6617020834 35.7043107 51.4076058
6617020835 35.7042663 51.4074993
6617020836 35.7040843 51.406771
6617020837 35.7048031 51.4078099
6617020838 35.7045512 51.4079003
6617020839 35.7039389 51.4100693
6617020840 35.7039671 51.4104273
6617020841 35.7040325 51.4062095
6617020842 35.706657 51.4051554
6617020843 35.7066553 51.4054606
6617020844 35.7066481 51.4055246
6617020845 35.7066713 51.4055284
6617020846 35.706679 51.4056071
6617020847 35.7072732 51.4059906
6617020848 35.7075791 51.406031
6617020849 35.707589 51.4059635
6697136986 35.7061555 51.4063031
6744789331 35.7044259 51.408087
6772284339 35.7019324 51.4024572
6772284340 35.7019269 51.4028764
6825407885 35.7033962 51.4132988
6919525365 35.7082294 51.410775
6919525366 35.7078896 51.4111203
6919525369 35.7075214 51.4086943
6919525370 35.7076061 51.4086825
6919525371 35.7075907 51.4084551
6919525372 35.707506 51.4084669
7041625802 35.7117445 51.4126864
7142414268 35.7089905 51.4130781
7161005213 35.7029035 51.4135754
7183907686 35.7073738 51.4123913
7183908685 35.7026187 51.4128561
7191073585 35.7073339 51.4074921
7199570285 35.7075156 51.4073483
7299091037 35.7041626 51.413251
7320406456 35.6956821 51.4041759
7368097519 35.7028599 51.4043655
7450274876 35.7064846 51.4104733
7463527827 35.7097133 51.409148
7463527828 35.7096429 51.4091543
7524530527 35.7050629 51.4039561
7634558020 35.7065589 51.4073321
7634558021 35.7065763 51.408024
7634558022 35.7066075 51.4092687
7855361404 35.705344 51.4186173
7855361406 35.7067803 51.4184694
7856417753 35.7066312 51.4083008
7856417754 35.7067374 51.4039044
7884928817 35.7064872 51.4050256
7966320343 35.7065935 51.4127023
7990299487 35.7076585 51.4046251
7990299488 35.7078004 51.4046263
7990299489 35.7077981 51.405059
7990299490 35.7076562 51.4050578
8000648735 35.7025917 51.4025813
8096491560 35.707442 51.4065483
8118595964 35.7032978 51.4029189
8120702974 35.7017664 51.4047227
8120702975 35.7017361 51.4049861
8120702978 35.7018936 51.4047449
8120702979 35.7018632 51.4050083
8120702980 35.7023766 51.4043064
8120702981 35.7023499 51.4045497
8120702982 35.7023257 51.4045457
8120702983 35.7022795 51.4049674
8120702984 35.7022071 51.404526
8120702985 35.7024928 51.4045735
8120702986 35.7021609 51.4049477
8120702987 35.7024465 51.4049952
8120702988 35.7021464 51.4050802
8120702989 35.7022338 51.4042827
8120702990 35.7025194 51.4043302
8120702991 35.702432 51.4051277
8123987315 35.7023318 51.4056101
8154692147 35.7030057 51.40398
8154724185 35.7031613 51.4040078
8154758965 35.7031736 51.4043159
8154758966 35.7032192 51.4039377
8154758967 35.7029327 51.4038854
8154758968 35.7028802 51.4042659
8204819600 35.7065165 51.4061954
8204819601 35.7065329 51.4061967
8204819602 35.7065301 51.4061469
8204819603 35.706487 51.4040624
8204819604 35.706516 51.4061443
8204819605 35.706514 51.4060867
8204819606 35.7064961 51.4054227
8204819607 35.7064767 51.404452
8204819608 35.7064646 51.4038651
8204819609 35.7065027 51.4050502
8204819610 35.7064595 51.4033372
8204819611 35.7062983 51.4027544
8204864225 35.7060224 51.4017639
8204864226 35.7059797 51.4017845
8209046781 35.7018319 51.4065007
8209046782 35.701841 51.4067384
8209046783 35.7018192 51.4062777
8209798814 35.7079957 51.4133781
8209798815 35.7079717 51.4133085
8209798816 35.7079696 51.4132147
451013391 8204819608
8204819608 1730748345
1730748345 1923326721
1923326721 1730748367
1730748367 451013381
451013381 1730748371
1730748371 26206695
26206695 1730748377
1730748377 451013382
451013382 1730748369
1730748369 1730748363
1730748363 1730748348
1730748348 8204819610
8204819610 1923326720
1923326720 1730748341
1730748341 451013385
451013385 1730748333
1730748333 26206696
26206696 1730748330
1730748330 1730748335
1730748335 1730748338
1730748338 451013391
423733411 8204819603
8204819603 1730748345
159620152 4506464215
4506464215 4421902922
4421902922 1043825859
1043825859 4421902934
4421902934 6602451826
6602451826 1043825855
1043825855 4421902928
4421902928 4421902926
4421902926 4421902929
4421902929 4421902927
4421902927 159620158
159620158 4709595795
4709595795 4421902925
4421902925 159620160
159620160 4506464224
4506464224 2183034455
2183034455 159620161
159620161 6617020831
6617020831 159620152
1854989216 4629523003
4629523003 735011361
735011361 166159398
166159398 166177877
166177877 166160593
166160593 735011441
735011441 166159603
26206696 4596783824
4596783824 4596783826
4596783826 2021255734
2021255734 4596783832
4596783832 1923326718
1923326718 2021277623
2021277623 2021267426
2021267426 4596783834
4596783834 2021277634
2021277634 2021277637
2021277637 2021267427
2021267427 2021277624
2021277624 423733377
423733377 4596783836
4596783836 4621009864
4621009864 6772284340
6772284340 2021277629
2021277629 25969112
25969112 3906463711
3906463711 3906463712
3906463712 1923326702
1923326702 2044036230
2044036230 423733372
423733372 866834010
866834010 411824491
411824491 1937956175
1937956175 423733371
423733371 4421696130
4421696130 4619155050
4619155050 2044036236
2044036236 423733370
423733370 4421696123
4421696123 2520626205
2520626205 2044022716
2044022716 3482726530
3482726530 166185067
166185067 3937106149
3937106149 2044031065
2044031065 2043978502
2043978502 423733369
423733369 4820618164
4820618164 423733368
423733368 2044031077
2044031077 2043956182
2043956182 2044031079
2021149633 4035094038
4035094038 735011443
1730748369 2021221602
2021221602 735011128
735011128 2021222133
2021222133 735011441
735011441 4621028718
4621028718 735011226
1730748327 1730748326
1730748326 4629550786
4629550786 4629550785
4629550785 4629551889
4629551889 4629551891
4629551891 4629551893
4629551893 4629551895
4629551895 3069590529
3069590529 6617020837
6617020837 4629550783
4629550783 4629550781
4629550781 854326015
945251728 945251754
2203911537 945251728
1919423581 945251746
945251746 945251728
1043825849 4709595794
4709595794 6602451825
6602451825 4421902926
4421902926 4421902928
4421902928 1043825855
1043825855 6602451826
6602451826 4421902934
4421902934 1043825859
1043825859 4421902922
4421902922 1043825864
1043825864 1043825849
1701655941 4614605422
4614605422 4614605424
4614605424 1730748315
1730748315 6268664675
1730748893 1730748814
1730748814 1730748800
1730748800 4620979384
4620979384 1730748748
1730748748 4620979386
4620979386 4620979388
4620979388 1730748634
1730748634 4620980191
4620980191 4620980195
4620980195 1730748528
1730748528 4620980938
4620980938 1730748428
1730748534 1730748523
1730748523 7463527828
1730748569 4646600000
1730748540 6269490880
1730748435 4614579333
4614579333 1730748443
1730748415 2021256510
2021256510 7634558020
7634558020 1730748365
4578666541 1730748464
1730748464 4578666540
4578666540 1730748508
1730748508 1730748528
1730748508 1730748574
1730748574 1730748628
1730748428 4618506910
4618506910 4618506904
4618506904 4629562848
4629562848 1730748417
1730748417 1730748415
1730748477 1730748458
1730748458 1730748445
1730748445 5056569719
5056569719 854326055
854326055 1730748440
1730748477 1730748460
1730748460 5056569718
5056569718 1730748454
1730748454 1730748443
1730748443 1730748423
1730748423 1730748431
1730748440 1730748536
1730748536 1730748571
1730748571 4620980933
4620980933 1730748637
1730748637 6258706532
6258706532 6258706531
6258706531 6258706530
6258706530 6258706529
6258706529 6258706528
6258706528 6258706527
6258706527 6258706526
1919423621 4620988743
4620988743 4620988747
4620988747 5902595647
5902595647 1919423568
1919423605 1919423606
1919423606 1919423612
1919423612 1919423584
1919423584 1919423609
1919423609 1919423571
1919423571 1919423605
1919423577 1919423589
1919423589 1919423564
1919423564 4788003481
4788003481 1919423577
1919423561 6299300886
6299300886 1919423623
1919423623 1919423625
1919423625 1919423578
1919423578 1919423582
1919423582 1919423575
1919423575 1919423591
1919423591 1919423534
1919423534 1919423626
1919423626 1919423617
1919423617 1919423580
1919423580 1919423608
1919423608 5902571452
5902571452 1919423561
1924297851 3883010009
3883010009 6617020819
6617020819 423733414
2021149644 2021149640
735011443 735011128
2021220643 2021220644
2021221602 2021221600
2021222131 2021224232
2021224232 2021222133
2021224231 2021224232
2021254065 2021254062
2021254063 2021254064
2021255738 2021255734
1730748415 2021255787
2021255787 2021255788
2021255788 2021255786
8096491560 2021256510
2021267425 4621009865
4621009865 2021267427
423733377 4621014819
4621014819 2021267915
2021267915 423733412
423733412 2021267917
2021267917 423733378
2021267428 2021267429
2021277633 2021277623
2021277637 2021277625
2021277631 2021277628
2021277627 2021277629
2021277622 2021277624
2021277626 2021277635
2021281011 2021277628
2021281012 6617020821
6617020821 2021281011
2183033034 2183033035
2183033035 2183033039
2183033039 2183033033
2183033033 2183033036
2183033036 2183033037
2183033037 2183033038
2183033038 2183033034
2183034458 6617020834
6617020834 2183034454
2183034454 6617020835
6617020835 2183034463
2183034463 6617020836
6617020836 2183034462
2183034462 6617020841
6617020841 2183034460
2183034460 2183034455
2183034455 159620161
159620161 6617020831
6617020831 6617020832
6617020832 6617020830
6617020830 2183034457
2183034457 2183034456
2183034456 2183034459
2183034459 6617020833
6617020833 2183034458
3069590525 3069590526
3069590526 4629551898
4629551898 3069590527
3069590527 3069590528
423733414 1924297943
25940814 8204819600
8204819600 1730748365
1730748365 4618506891
4618506891 4618506892
4618506892 4618506896
4618506896 4618506900
4618506900 4618506905
4618506905 5669323718
5669323718 6263956474
854326036 4614582233
4614582233 1730749054
1730749054 1730749041
1730749041 854326052
854326052 854326053
854326053 4614582247
4614582247 854326054
854326054 4426473808
4426473808 7041625802
7041625802 1730748740
1730748740 1730748709
1730748709 1730748639
1730748639 4614579329
4614579329 1730748582
1730748582 1730748577
1730748577 1730748540
1730748540 1730748477
4035094045 4035094038
166182741 4629523007
4629523007 166182629
166182629 1923326718
1923326718 423733376
423733376 4578666539
4578666539 6617020816
6617020816 3883010011
3883010011 25969116
4399259032 8209046781
8209046781 4620988752
4620988752 4620988755
4620988755 4620988757
4620988757 4399259033
4399259033 4399259034
4399259034 4399259035
4415945510 6617020849
6617020849 6617020848
6617020848 6617020847
6617020847 4415945511
4415945511 6617020846
6617020846 6617020845
6617020845 6617020844
6617020844 6617020843
6617020843 4415945512
4415945512 6617020842
6617020842 4415945513
4415945513 4415945514
4415945514 4415945510
4415998174 4415998175
4415998175 4415998176
4415998176 4415998177
4415998177 4415998174
4421902935 4421902936
4421902936 4421902931
4421902931 4421902930
4421902930 4421902935
4421902942 4421902943
4421902943 4421902940
4421902940 4421902939
4421902939 4421902942
4421902946 4421902947
4421902947 4421902945
4421902945 4421902944
4421902944 4421902946
4421902938 4421902941
4421902941 4421902933
4421902933 4421902932
4421902932 6617020840
6617020840 6617020839
6617020839 4421902938
4421902916 159620160
159620160 4421902925
4421902925 4421902921
4421902921 4421902920
4421902920 4421902915
4421902915 4421902912
4421902912 4421902919
4421902919 4421902918
4421902918 4421902914
4421902914 4421902913
4421902913 4421902917
4421902917 4421902916
4423540732 4423540733
4423540733 4423540734
4423540734 4423540735
4423540735 4423540732
4426284060 4426284061
4426284061 4426284053
4426284053 4426284052
4426284052 4426284060
4426284067 4426284066
4426284066 4426284063
4426284063 4426284062
4426284062 4426284054
4426284054 4426284055
4426284055 4426284056
4426284056 4426284057
4426284057 4426284058
4426284058 4426284059
4426284059 4426284065
4426284065 4426284064
4426284064 4426284067
4497855535 4497855536
4497855536 4497855537
4497855537 4497855538
4497855538 4497855535
4498240303 4498240304
4498240304 4498240305
4498240305 4498240306
4498240306 4498240303
4506464216 4506464222
4506464222 6744789331
6744789331 4506464220
4506464221 4506464223
25940815 4443875082
4443875082 2021281012
2021281012 4399259035
4399259035 4621005566
4621005566 25969116
25969116 854326015
854326015 3069590525
3069590525 25940814
4560143846 4560143847
4560143847 4560143848
4560143848 4560143849
4560143849 4560143846
4560143865 4560143866
4560143866 4560143867
4560143867 4560143868
4560143868 4560143850
4560143850 4560143851
4560143851 4560143852
4560143852 4560143853
4560143853 4560143854
4560143854 4560143860
4560143860 4560143861
4560143861 4560143862
4560143862 4560143863
4560143863 4560143864
4560143864 4560143855
4560143855 4560143856
4560143856 4560143857
4560143857 4560143858
4560143858 4560143859
4560143859 4560143865
4560245174 4560245175
4560245175 4560245176
4560245176 4560245177
4560245177 4560245174
4560258397 4560258398
4560258398 4560258399
4560258399 4560258400
4560258400 4560258397
4568441086 4568441087
4568441087 4568441088
4568441088 4568445889
4568445889 4568441086
2021217215 4620997285
4620997285 4620997259
4620997259 2021149643
2021149643 4620997273
4620997273 4620997271
4620997271 423733414
423733414 2021149644
2021149644 4620997277
4620997277 4620997282
4620997282 4620997279
4620997279 4620997283
4620997283 2021149633
2021149633 423733411
1730748440 4585824609
945251754 2203911543
2203911543 2203911499
6258721097 6258721096
6258721096 6258721095
6258721095 6258721094
6258721094 6258718434
6258718434 1730748315
1730748315 4614590261
4614590261 4587855718
4587855718 6269465243
6269465243 4587855714
4587855714 6268731979
6268731979 1730748323
1730748694 4614587835
4614587835 1730748641
1730748641 4620980193
4620980193 4620980196
4620980196 4620980935
4620980935 4585824609
4585824609 6268731957
6268731957 6268731977
6268731977 6263956474
6263956474 1730748373
1730748373 1730748326
1730748326 4585835808
4585835808 6268738392
6268738392 5626984916
5626984916 1730748318
1730748318 6268664676
1730748323 4585835808
6269465243 6268664673
4587855718 6268664672
4596783824 4596783825
4596783826 4596783827
4596783828 4596783829
4596783830 4596783831
4596783832 4596783833
4596783834 4596783835
4596783836 4596783837
4601158174 4601158175
4601158175 4601158176
4601158176 4601158177
4601158178 4601158181
4601158182 4601158187
4601158188 4601158289
4601158289 4601158294
4601158295 4601158296
4601158296 4601158297
4601158297 4601158298
4614579333 4614579334
4614596339 4614596340
4614596341 4614596340
4614596340 4614596342
4618506890 7634558021
7634558021 4618506891
4618506892 4618506893
4618506893 4618506894
4618506895 7634558022
7634558022 4618506896
4618506896 4618506898
4618506898 4618506897
4618506898 4618506899
4618506900 4618506901
4618506902 4618506901
4618506901 4618506903
4618506905 4618506908
4618506908 4618506906
4618506906 4618506904
4618506906 4618506907
4618506908 4618506909
4618506910 4618506911
4618506912 4618506911
4618506911 4618506913
424402204 424402723
424402723 4614555803
4614555803 423317612
423317612 7855361404
7855361404 4614555807
4614555807 4614616445
4614616445 3135522367
3135522367 423317764
423317764 1701655952
1701655952 4614596339
4614596339 4585835807
4585835807 1730748323
4620980935 4620980936
4620980936 4620980937
4620980938 4620980939
4620988741 3069590528
3069590528 3069590529
3069590528 4620988742
4620988743 4620988745
4620988745 4421902912
4620988744 4620988745
4620988743 4620988746
4620988747 5902571454
5902571454 5902571455
5902571455 4620988748
4620988752 4620988753
4620988752 4620988754
4620988755 4620988756
4620988757 4620988758
4620997277 4620997278
4620997279 4620997280
4620997281 4620997282
4620997283 4620997284
4621005566 6037159018
6037159018 6617020817
6617020817 4621005567
2021281253 4621005568
4621023932 4621023933
4629550780 4629550781
4629550782 4629550783
4629550784 4629550785
4629550786 4629550787
4629550788 4629551889
4629551890 4629551891
4629551892 4629551893
4629551894 4629551895
3069590527 4629551896
4629551896 4629551897
4629551898 4629551899
2021256510 4629562845
1730748417 4629562846
4629562846 4629562847
4629562848 4629562849
4646600000 6268664676
4666676178 4666676179
4666676179 4666676180
4666676180 4666676181
4666676181 4666676182
4666676182 4666676183
4666676183 4666676184
4666676184 4666676186
4666676186 4666676989
4666676989 4666676990
4666676990 4666676991
4666676991 4666676992
4666676992 4666676178
4679693163 4679693164
4679693164 4679693165
4679693165 4679693166
4679693166 4679693163
1919423571 4709595687
4709595687 4709595688
4709595688 1919423609
1919423609 1919423571
4421902921 4421902920
4421902920 4709595793
4709595793 4709595794
4709595794 6602451825
6602451825 4421902926
4421902926 4421902929
4421902929 4421902927
4421902927 159620158
159620158 4709595795
4709595795 4421902925
4421902925 4421902921
4723841004 4723841005
4723841005 4723841006
4723841006 4723841007
4723841007 4723841004
4723841008 4723841009
4723841009 4723841010
4723841010 4723841011
4723841011 4723841008
4788003482 4788003483
4788003483 4788003484
4788003484 4788003485
4788003485 4788003482
4820618187 4820618188
4820618188 4820618189
4820618189 4820618190
4820618190 4820618191
4820618191 4820618192
4820618192 4820618193
4820618193 4820618194
4820618194 4820618187
4820618195 4820618196
4820618196 4820618197
4820618197 4820618198
4820618198 4820618195
4820633494 4820633495
4820633495 4820633496
4820633496 4820633497
4820633497 4820633494
4820633498 4820633499
4820633499 4820633500
4820633500 4820633501
4820633501 4820633498
4888586693 4888586694
4888586694 4888586695
4888586695 4888586696
4888586696 4888586693
4888586697 4888586698
4888586698 4888586699
4888586699 4888586700
4888586700 4888586697
4888586701 4888586702
4888586702 4888586703
4888586703 4888586704
4888586704 4888586705
4888586705 4888586706
4888586706 4888586707
4888586707 4888586708
4888586708 4888586709
4888586709 4888586710
4888586710 4888586711
4888586711 4888586712
4888586712 4888586713
4888586713 4888586714
4888586714 4888586715
4888586715 4888586716
4888586716 4888586717
4888586717 4888586718
4888586718 4888586719
4888586719 4888586720
4888586720 4888586701
4888587421 4888587422
4888587422 4888587423
4888587423 4888587424
4888587424 4888587421
4888584693 4888584694
4888584694 4888584695
4888584695 4888584696
4888584696 4888584697
4888584697 4888584698
4888584698 4888584693
4888584699 4888584700
4888584700 4888584701
4888584701 4888584702
4888584702 4888584703
4888584703 4888584704
4888584704 4888584699
4888584705 4888584706
4888584706 4888584707
4888584707 4888584708
4888584708 4888584705
4888584709 4888584710
4888584710 4888584711
4888584711 4888584712
4888584712 4888584713
4888584713 4888584714
4888584714 4888584715
4888584715 4888584716
4888584716 4888584717
4888584717 4888584718
4888584718 4888584719
4888584719 4888584720
4888584720 4888584709
4888594873 4888594874
4888594874 4888594880
4888594880 4888594879
4888594879 4888594878
4888594878 4888594877
4888594877 4888594875
4888594875 4888594876
4888594876 4888594873
4888602327 4888602328
4888602328 4888602329
4888602329 4888602330
4888602330 4888602327
5045685021 5045685022
5045685022 5045685023
5045685023 5045685024
5045685024 5045685021
5054684555 5054684554
5054684554 5054684552
5054684552 5301971650
5301971650 5054684555
5054684550 5054684558
5054684558 5054684546
5054684546 5054684559
5054684559 5054684550
5054684553 5054684549
5054684549 5054684563
5054684563 5054684551
5054684551 5054684553
5054684557 5054684561
5054684561 5054684562
5054684562 5054684548
5054684548 5301971650
5301971650 5054684557
5108879549 5108879550
5108879550 5108879551
5108879551 5108879552
5108879552 5108879549
5626984916 4506464215
4506464215 4506464216
4506464216 4506464217
4506464217 4506464218
4506464218 4506464219
4506464219 4506464220
4506464220 4506464221
5669323718 5669323719
5902571452 5902571453
5902571453 5902571454
5902571454 5902571455
5902571455 5902571452
6172364733 6172364734
6172364734 4601158294
4601158294 6172364735
6172364735 6172364736
1730748323 1730748327
1730748327 1730748375
1730748375 6268731978
6268731978 6268731962
6268731962 1730748435
1730748435 1730748440
6263956474 1730748375
1730748375 375947465
375947465 2769012142
2769012142 7855361406
7855361406 25941428
6268664673 4587855717
6268664672 4587855719
6268664674 6268664672
4614590261 6268664674
6268664674 7161005213
6268731962 6268731974
6268731974 6268731973
6268731973 6268731972
6268731972 6268731971
6268731971 6268731961
6268731961 6268731960
6268731960 6268731959
6268731959 6268731958
6268731958 6268731957
6268731977 6268731969
6268731969 6268731976
6268731976 6268731975
6268731975 6268731968
6268731968 6268731967
6268731967 6268731966
6268731966 6268731965
6268731965 6268731964
6268731964 6268731963
6268731963 6268731978
6268731979 6268731980
6268731980 6268731981
6268731981 6268731982
6268731982 6268731983
6268731983 6268731984
6268731984 6268738385
6268738385 6268738386
6268738386 6268738387
6268738387 6268738388
6268738388 6268738389
6268738389 6268738390
6268738390 6268738391
6268738391 6268738392
6268664676 6268664675
6268664675 945251754
4585824609 1730748435
6269490880 1730748536
6286995315 6286995317
6286995317 6286995318
6286995318 6286995316
6286995316 6286995315
6287006103 6287006104
6287006104 6287006102
6287006102 6287006101
6287006101 6287006103
6596012019 6596012020
6596012020 6596012021
6596012021 6596012022
6596012022 6596012019
6596012023 6596012024
6596012024 6596012025
6596012025 6596012026
6596012026 6596012023
6596012027 6596012028
6596012028 6596012029
6596012029 6596012030
6596012030 6596012027
6596012031 6596012032
6596012032 6596012033
6596012033 6596012034
6596012034 6596012031
6596012035 6596012036
6596012036 6596012037
6596012037 6596012038
6596012038 6596012035
6596012039 6596012040
6596012040 6596012041
6596012041 6596012042
6596012042 6596012039
6596012043 6596012044
6596012044 6596012045
6596012045 6596012046
6596012046 6596012043
6596012047 6596012048
6596012048 6596012049
6596012049 6596012050
6596012050 6596012047
6596012051 6596012052
6596012052 6596012053
6596012053 6596012054
6596012054 6596012051
6602451816 6602451817
6602451817 6602451818
6602451818 6602451819
6602451819 6602451820
6602451820 6602451821
6602451821 6602451822
6602451822 6602451823
6602451823 6602451824
6602451824 6602451806
6602451806 6602451807
6602451807 6602451811
6602451811 6602451812
6602451812 6602451813
6602451813 6602451814
6602451814 6602451815
6602451815 6602451808
6602451808 6602451809
6602451809 6602451810
6602451810 6602451816
6602451827 6602451828
6602451828 6602451829
6602451829 6602451830
6602451830 6602451831
6602451831 6602451827
4506464223 6617020829
6617020829 4506464224
6617020837 6617020838
6617020838 4506464220
6772284340 6772284339
6919525369 6919525370
6919525370 6919525371
6919525371 6919525372
6919525372 6919525369
3784838457 2021151057
2021151057 2021149647
2021149647 1730748601
1730748601 2021149642
2021149642 2021149638
2021149638 1924297943
1924297943 2021149640
2021149640 166159603
166159603 2021220644
2021220644 735011443
735011443 26206695
7463527827 1730748608
1730748608 6496319402
6496319402 6496319396
6496319396 6496319426
6496319426 6496319398
6496319398 1730748632
1730748632 1730748534
7884928817 4596783828
4596783828 4596783830
4596783830 423733376
423733376 2021281253
2021281253 7368097519
7368097519 4712606322
4712606322 2021277628
2021277628 2021277635
2021277635 423733380
7990299487 7990299488
7990299488 7990299489
7990299489 7990299490
7990299490 7990299487
4585824609 1730748428
25940814 2021256511
2021256511 2021255786
2021255786 4578666541
4578666541 1924297851
1924297851 1730748549
1730748549 4620997275
4620997275 1730748594
1730748594 2021254178
2021254178 4820633503
4820633503 4574204837
4574204837 25969873
25940814 8204819602
8204819602 3883010010
3883010010 3883010009
3883010009 6037159017
6037159017 6037159016
6037159016 4574204836
4574204836 3858822490
2021267426 8118595964
8118595964 2021267428
8120702979 8120702975
8120702975 8120702974
8120702974 8120702978
8120702978 8120702979
8120702981 8120702984
8120702984 8120702989
8120702989 8120702980
8120702980 8120702981
8120702985 8120702981
8120702981 8120702980
8120702980 8120702990
8120702990 8120702985
8120702985 8120702987
8120702987 8120702983
8120702983 8120702982
8120702982 8120702985
8120702987 8120702991
8120702991 8120702988
8120702988 8120702986
8120702986 8120702987
8154758965 8154758966
8154758966 8154758967
8154758967 8154758968
8154758968 8154758965
3883010020 7320406456
7320406456 3858822494
3858822494 3883010019
3883010019 3883010018
3883010018 5582664264
5582664264 6037159019
6037159019 3883010014
3883010014 6183541164
6183541164 3858822492
3858822492 3883010013
3883010013 3906463716
3906463716 3906463715
3906463715 3883010012
3883010012 4443875081
4443875081 3876630889
3876630889 6617020821
6617020821 6037159018
6037159018 3883010011
3883010011 3858822491
3858822491 8204819605
3883010010 6617020820
6617020820 8204819609
8204819609 423733411
8204819608 8204819607
8204819607 7884928817
7884928817 8204819606
8204819606 8204819605
8204819605 8204819604
8204819604 25940814
8204819605 3883010010
8204819610 8204819611
8204819611 8204864225
8204864225 166160596
166160596 4621023930
4621023930 2021254062
2021254062 2021261536
2021261536 2021254064
2021254064 4621023928
4621023928 166182629
166160596 8204864226
8204864226 4621023932
4621023932 1923326720
8209046781 8209046782
8209046783 8209046781
1730748423 8209798814
8209798814 8209798815
8209798815 8209798816
4587855714 6268664670
6268664670 4587855715
