44 46
831 35.9853606 50.731763
832 35.984751 50.7331003
833 35.9845528 50.7333641
834 35.9843547 50.7336089
835 35.9841413 50.7337596
836 35.9839279 50.7338161
837 35.9835926 50.733835
838 35.9832268 50.7337973
839 35.9829677 50.7336089
840 35.9828231 50.7333384
841 35.9826933 50.7328932
842 35.9825116 50.7325459
843 35.9821903 50.7322151
844 35.9818703 50.7318383
845 35.9817331 50.7315935
846 35.9817026 50.7312921
847 35.9817636 50.7309719
848 35.9818855 50.7307835
849 35.9834707 50.729465
850 35.9840346 50.7284102
851 35.9858462 50.7297286
852 35.985955 50.7299359
853 35.9860008 50.7302938
854 35.985955 50.7304821
855 35.9856936 50.7310455
856 35.9823624 50.7303869
857 35.9826019 50.7307458
858 35.9850517 50.7324406
859 35.9840965 50.7317798
860 35.9836231 50.732799
861 35.9834467 50.7313303
862 35.9829829 50.7323092
863 35.982846 50.7309147
864 35.982358 50.731876
865 35.9838395 50.7297272
866 35.983364 50.7307458
867 35.9844671 50.7301735
868 35.9839432 50.7312356
869 35.9850978 50.7306219
870 35.9845833 50.7317253
176 35.9855929 50.7295014
178 35.9849919 50.7290806
180 35.9843691 50.7286445
533 35.9830907 50.7337353
176 851
851 852
852 853
853 854
854 855
855 831
831 858
858 832
832 833
833 834
834 835
835 836
836 837
837 838
838 533
533 839
839 840
840 841
841 842
842 843
843 844
844 845
845 846
846 847
847 848
848 856
856 849
849 850
849 865
865 867
867 869
869 855
856 857
857 863
863 861
861 859
859 858
859 860
861 862
863 864
865 866
867 868
869 870
850 180
180 178
178 176
